1,1,32000,1000,4,6.2335937494408205
1,1,3200,1000,5,6.165795494605687
1,1,3200,1000,6,6.08175230767174
1,1,3200,1000,7,6.133468091404499
1,1,320,1000,9,6.170091223963054
1,1,32000,1000,6,6.07678735915469
1,1,3200,1000,8,6.249485044599414
1,1,320,1000,4,6.239465650634165
1,1,32000,1000,3,6.19299528168118
1,1,32000,1000,9,6.221891730849772
1,1,32000,1000,0,6.13468867045693
1,1,32000,1000,1,6.02794876587152
1,1,3200,1000,3,6.213332089500265
1,1,3200,1000,1,5.985407864513143
1,1,32000,1000,2,6.261476612474336
1,1,320,1000,5,6.243197193988789
1,1,32000,1000,8,6.236370730171026
1,1,3200,1000,4,6.207711372557856
1,1,3200,1000,0,6.249092912240128
1,1,320,1000,2,6.303312846084855
1,1,3200,1000,2,6.276890322051485
1,1,320,1000,0,6.217273745710932
1,1,320000,1000,0,6.146790619312334
1,1,320,1000,6,6.1492884203157
1,1,320,1000,7,6.156757973817005
1,1,320,1000,3,6.2484227180114225
1,1,32000,1000,7,6.162548617669571
1,1,320,1000,1,5.995684453800348
1,1,3200,1000,9,6.1800379815567545
1,1,32000,1000,5,6.250878534619101
1,1,320,1000,8,6.263876408084649
1,1,320000,1000,1,6.010312378015598
1,2,320,1000,0,6.28976009583345
1,2,320,1000,2,6.296595945018938
1,2,3200,1000,4,6.416990722718079
1,2,320,1000,1,6.0463670257637965
1,2,3200,1000,0,6.344884944452933
1,2,320,1000,8,6.302054655412319
1,2,320,1000,5,6.3542012413647635
1,2,320,1000,7,6.216343476544806
1,2,320,1000,6,6.159583614000455
1,2,3200,1000,1,6.224392501511297
1,2,320,1000,3,6.291232445454269
1,2,320,1000,9,6.221352984493888
1,2,320,1000,4,6.244567854106999
1,2,3200,1000,8,6.371296194246948
1,2,3200,1000,5,6.324520157300671
1,2,3200,1000,7,6.423150043733724
1,1,320000,1000,2,6.226761068235153
1,2,3200,1000,2,6.48813877925762
1,2,3200,1000,3,6.464041047383307
1,1,320000,1000,5,6.253349151328532
1,1,320000,1000,4,6.263874459539091
1,2,3200,1000,6,6.275598093536016
1,1,320000,1000,6,6.116289139241375
1,1,320000,1000,7,6.222707177139632
1,2,32000,1000,1,6.522553687503486
1,2,32000,1000,0,6.607255225862287
1,2,3200,1000,9,6.349173639204128
1,1,320000,1000,8,6.189897384615725
1,2,32000,1000,3,6.7261866260934235
1,2,32000,1000,2,6.731490572738829
1,1,320000,1000,9,6.137021819390363
1,1,320000,1000,3,6.283249830036542
1,2,32000,1000,5,6.6806280880105255
1,2,32000,1000,4,6.644266482414317
1,2,32000,1000,6,6.553643378440258
1,3,320,1000,0,6.284587602852427
1,3,320,1000,3,6.236776058789678
1,2,32000,1000,7,6.643631978638785
1,2,32000,1000,8,6.583128680424038
1,3,320,1000,7,6.234473406668061
1,3,320,1000,4,6.203973465493147
1,2,32000,1000,9,6.599806363717465
1,3,3200,1000,1,6.257041260408079
1,3,320,1000,6,6.2350493108929985
1,3,320,1000,1,6.155873212760312
1,3,320,1000,8,6.269805839437135
1,3,3200,1000,2,6.456292087005976
1,3,3200,1000,4,6.361306997513405
1,3,320,1000,2,6.339136337253206
1,3,320,1000,5,6.366360643331444
1,3,3200,1000,5,6.332209299632771
1,3,320,1000,9,6.21394954369495
1,3,3200,1000,0,6.255765411275475
1,3,3200,1000,3,6.339449779985063
1,2,320000,1000,4,6.72077135139165
1,2,320000,1000,3,6.753697207277396
1,2,320000,1000,1,6.601996864329767
1,2,320000,1000,7,6.688811581407608
1,2,320000,1000,0,6.607386976029373
1,2,320000,1000,2,6.7279061325368135
1,2,320000,1000,8,6.637253651563447
1,2,320000,1000,5,6.75271452908552
1,2,320000,1000,6,6.622315760448442
1,2,320000,1000,9,6.626564842544683
1,3,3200,1000,6,6.309066495929074
1,3,3200,1000,8,6.3305779901562635
1,3,3200,1000,7,6.3368056640559915
1,3,3200,1000,9,6.332641591812211
1,3,32000,1000,0,6.627060784468467
1,3,32000,1000,3,6.713066466625907
1,3,32000,1000,2,6.7419645172433675
1,3,32000,1000,1,6.55022291327964
1,3,32000,1000,6,6.613943916956065
1,3,32000,1000,4,6.712655502769366
1,3,32000,1000,7,6.679701625179907
1,3,32000,1000,5,6.661126116072543
1,3,32000,1000,8,6.624591287421064
1,3,32000,1000,9,6.655755864073852
1,4,320,1000,0,6.216939247307144
1,4,320,1000,1,6.104443090774252
1,3,320000,1000,0,6.733969873530847
1,4,320,1000,3,6.216562829938107
1,3,320000,1000,1,6.668050230756344
1,4,320,1000,2,6.258799175265943
1,3,320000,1000,4,6.800395294337102
1,4,320,1000,4,6.234892839300033
1,4,320,1000,6,6.212105076156134
1,4,320,1000,5,6.37513995812091
1,3,320000,1000,3,6.7613496563843345
1,3,320000,1000,8,6.719390494552835
1,4,320,1000,7,6.255141459603341
1,3,320000,1000,2,6.860097455806431
1,3,320000,1000,5,6.776257178250475
1,3,320000,1000,6,6.722025004826214
1,3,320000,1000,7,6.797210243356577
1,3,320000,1000,9,6.697943806632559
1,4,320,1000,8,6.205269221333992
1,4,3200,1000,0,6.108587774603934
1,4,320,1000,9,6.209566737713907
1,4,3200,1000,1,6.007795126172801
1,4,3200,1000,3,6.22864336403931
1,4,3200,1000,2,6.219149415536515
1,4,3200,1000,6,6.115615100341371
1,4,3200,1000,5,6.18467311516438
1,4,3200,1000,9,6.156328491810995
1,4,3200,1000,7,6.086878336528675
1,4,3200,1000,4,6.20007425068643
1,4,3200,1000,8,6.231962210232814
1,4,32000,1000,1,6.524373562940638
1,4,32000,1000,0,6.600767039443852
1,4,32000,1000,3,6.693592854822718
1,4,32000,1000,4,6.664775205427549
1,4,32000,1000,2,6.635131235647645
1,4,32000,1000,5,6.604564101891094
1,4,32000,1000,8,6.519864486260443
1,4,32000,1000,7,6.703511216886934
1,4,32000,1000,6,6.61397930317635
1,4,32000,1000,9,6.572141477486042
1,4,320000,1000,0,6.746496612238843
1,4,320000,1000,3,6.850799058875372
1,4,320000,1000,1,6.716765259236517
1,4,320000,1000,4,6.8656584978922925
1,4,320000,1000,5,6.815184545684331
1,4,320000,1000,2,6.822051149731424
1,4,320000,1000,6,6.771563713386499
1,4,320000,1000,8,6.742500850186925
1,4,320000,1000,9,6.765896420490669
1,4,320000,1000,7,6.804143458806638
1,5,320,1000,1,6.046860965889421
1,5,320,1000,0,6.082241386429856
1,5,320,1000,2,6.221284234453304
1,5,320,1000,3,6.238923584678504
1,5,320,1000,4,6.087256020902245
1,5,320,1000,6,6.170716619327066
1,5,320,1000,8,6.174223197074777
1,5,320,1000,5,6.172278368949637
1,5,320,1000,7,6.266412974432721
1,5,3200,1000,0,6.242076572194425
1,5,320,1000,9,6.197912423454991
1,5,3200,1000,1,6.16368833206772
1,5,3200,1000,2,6.351663143030106
1,5,3200,1000,3,6.475747930148333
1,5,3200,1000,4,6.276430895170168
1,5,3200,1000,5,6.291510313915094
1,5,3200,1000,6,6.184749847390531
1,5,3200,1000,7,6.239423484491658
1,5,3200,1000,8,6.342175506156846
1,5,3200,1000,9,6.224029954538044
1,5,32000,1000,1,6.547696819471119
1,5,32000,1000,0,6.6343575753163275
1,5,32000,1000,3,6.713045496751874
1,5,32000,1000,2,6.642445080241213
1,5,32000,1000,4,6.7184093900212325
1,5,32000,1000,6,6.5661989126743245
1,5,32000,1000,8,6.610087830692025
1,5,32000,1000,5,6.652619714220438
1,5,32000,1000,9,6.639938305586093
1,5,32000,1000,7,6.697882003591693
1,5,320000,1000,1,6.869991064643261
1,5,320000,1000,0,6.897568775758029
1,5,320000,1000,3,7.001021513161533
1,5,320000,1000,4,6.985213303374689
1,5,320000,1000,2,6.980324320542752
1,6,320,1000,0,6.101328293328015
1,5,320000,1000,5,6.970092916280388
1,6,320,1000,2,6.252196627780053
1,6,320,1000,1,6.064492526026141
1,6,320,1000,3,6.235220271516276
1,5,320000,1000,6,6.90018273871244
1,5,320000,1000,8,6.881125043556245
1,5,320000,1000,7,6.947921082428702
1,6,320,1000,4,6.085796532141238
1,5,320000,1000,9,6.888917088915352
1,6,320,1000,5,6.124994297631682
1,6,320,1000,6,6.1158718436210915
1,6,320,1000,7,6.272280671659857
1,6,320,1000,9,6.183000114247226
1,6,320,1000,8,6.202026453667404
1,6,3200,1000,0,6.313080172891616
1,6,3200,1000,1,6.16084072787125
1,6,3200,1000,3,6.418036930486754
1,6,3200,1000,2,6.444476043769362
1,6,3200,1000,4,6.3859850085556085
1,6,3200,1000,5,6.307880071971468
1,6,3200,1000,6,6.222020446116094
1,6,3200,1000,7,6.280811104284834
1,6,3200,1000,8,6.203513081756188
1,6,3200,1000,9,6.227495144062293
1,6,32000,1000,0,6.729580533389255
1,6,32000,1000,1,6.588758881885904
1,6,32000,1000,2,6.749224053364675
1,6,32000,1000,3,6.806741353299347
1,6,32000,1000,5,6.770374555007746
1,6,32000,1000,4,6.7642529042597355
1,6,32000,1000,6,6.60643092974344
1,6,32000,1000,7,6.675032735007447
1,6,32000,1000,8,6.697150202413655
1,6,32000,1000,9,6.683258511985118
1,6,320000,1000,0,6.992924524228467
1,6,320000,1000,2,7.0517187660651235
1,6,320000,1000,1,6.964881465355018
1,7,320,1000,0,6.1000375801383475
1,7,320,1000,1,6.084563005483554
1,6,320000,1000,4,7.049830889018259
1,6,320000,1000,5,7.029286293887359
1,6,320000,1000,3,7.0922969250194
1,7,320,1000,2,6.234371655881312
1,6,320000,1000,6,7.047191456754804
1,6,320000,1000,9,7.020216002257349
1,7,320,1000,3,6.239343594208913
1,6,320000,1000,8,6.954594035774746
1,6,320000,1000,7,7.022800707876001
1,7,320,1000,5,6.186679440105038
1,7,320,1000,4,6.059701506688741
1,7,320,1000,6,6.076642460263933
1,7,320,1000,7,6.274377162589112
1,7,320,1000,8,6.301070920988235
1,7,3200,1000,0,6.23186159341829
1,7,320,1000,9,6.139010386008349
1,7,3200,1000,2,6.5284290370043
1,7,3200,1000,1,6.294059708396322
1,7,3200,1000,3,6.501296273724484
1,7,3200,1000,4,6.4211169373191295
1,7,3200,1000,5,6.476060571326798
1,7,3200,1000,6,6.329512491002486
1,7,3200,1000,7,6.433313217144976
1,7,3200,1000,8,6.39677973010993
1,7,3200,1000,9,6.4373674725865095
1,7,32000,1000,0,6.9297679151863205
1,7,32000,1000,1,6.847640121338203
1,7,32000,1000,2,7.019382517660136
1,7,32000,1000,3,7.032472675775638
1,7,32000,1000,4,6.942964152183907
1,7,32000,1000,5,7.0114445874284845
1,7,32000,1000,7,6.974647676752112
1,7,32000,1000,8,6.900469137860857
1,7,32000,1000,6,6.938396410479039
1,7,32000,1000,9,6.964719861325517
1,7,320000,1000,0,7.221890057994503
1,7,320000,1000,2,7.306164758554259
1,7,320000,1000,1,7.1653529401785185
1,7,320000,1000,4,7.256812309330497
1,7,320000,1000,3,7.3414928416568435
1,7,320000,1000,6,7.263305110303745
1,7,320000,1000,5,7.293736446427758
1,7,320000,1000,7,7.219499396792201
1,7,320000,1000,8,7.197803101457544
1,7,320000,1000,9,7.301137520993012
1,6,10,1000,1,6.011144682304704
1,5,1000,1000,0,6.617615662413816
1,6,10,1000,0,6.1356516042307785
1,5,10,1000,1,6.060871463391281
1,5,100,1000,1,6.121804882301609
1,2,10,1000,1,6.0529698407598795
1,5,100,1000,0,6.255205866012666
1,3,100,1000,1,6.229144556894285
1,1,10,1000,1,5.980445532040138
1,5,10,1000,0,6.1998094694175965
1,4,100,1000,1,6.027261300000238
1,5,1000,1000,1,6.527623905081802
1,3,1000,1000,1,6.586539054787641
1,3,100,1000,0,6.3047203519812705
1,3,10,1000,1,6.109599976593678
1,1,100,1000,0,6.166442978599323
1,4,1000,1000,1,6.546383423689357
1,1,10,1000,0,6.211859861373745
1,4,100,1000,0,6.1407684548075085
1,2,1000,1000,1,6.56742350977034
1,3,10,1000,0,6.246932919007714
1,1,1000,1000,1,5.949955095490023
1,4,1000,1000,0,6.569766187592906
1,2,100,1000,0,6.27951169405978
1,3,1000,1000,0,6.685431616552061
1,2,10,1000,0,6.260451144410397
1,4,10,1000,0,6.1869513399137865
1,4,10,1000,1,6.136320700311499
1,1,1000,1000,0,6.275607418988381
1,1,100,1000,1,5.941212672412232
1,2,100,1000,1,6.210623805795135
1,2,1000,1000,0,6.58772649622326
1,6,100,1000,0,6.278177546530332
1,6,100,1000,1,6.130128212689791
1,6,1000,1000,0,6.741740001985722
1,7,100,1000,1,6.312911428011567
1,7,10,1000,1,6.014123839352659
1,7,10,1000,0,6.154622238114239
1,7,1000,1000,0,6.95574377014669
1,7,100,1000,0,6.367859983470415
1,7,1000,1000,1,6.8627161103845715
1,6,1000,1000,1,6.590203230003141

1,7,10,1000,0,6.147214577289931
1,7,30,1000,0,6.142449372684754
1,2,10,1000,0,6.33595106869586
1,3,100,1000,0,6.3199251143581865
1,3,10,1000,0,6.268403748965431
1,7,100,1000,0,6.342443801378113
1,2,100,1000,0,6.353356233777642
1,5,3,1000,0,6.252961272528099
1,6,10,1000,0,6.134897500469562
1,4,100,1000,0,6.0833858966210315
1,7,3,1000,0,6.230693237088428
1,6,100,1000,0,6.243453090416701
1,3,3,1000,0,6.234417487581087
1,6,3,1000,0,6.254283439678184
1,2,30,1000,0,6.334838939176191
1,5,30,1000,0,6.079992429812781
1,3,30,1000,0,6.1837135397178775
1,4,10,1000,0,6.267747565642203
1,5,10,1000,0,6.094912853343724
1,1,10,1000,0,6.217133513330166
1,6,30,1000,0,6.069377910228399
1,4,3,1000,0,6.251664349980045
1,1,100,1000,0,6.15974226152184
1,1,30,1000,0,6.134870367504115
1,4,30,1000,0,6.095823048741222
1,5,100,1000,0,6.2084660829914515
1,1,3,1000,0,6.2296157615485415
1,2,3,1000,0,6.229257818379811
