12,0,2,4000,1000,0,-0.48872512019792974
12,0,2,2000,1000,0,-0.5189739024773339
12,0,1,64000,1000,0,-0.3646449065113145
12,0,1,2000,1000,0,-0.5150703902672185
12,0,2,16000,1000,0,-0.4634646270360396
12,0,1,32000,1000,0,-0.4318917967445544
12,0,1,128000,1000,0,-0.30224283953104053
12,0,1,256000,1000,0,-0.2747641038334125
12,0,2,8000,1000,0,-0.4632355082060211
12,0,1,8000,1000,0,-0.49370472734244264
12,0,2,64000,1000,0,-0.2897853965199829
12,0,2,32000,1000,0,-0.421187393533862
12,0,2,128000,1000,0,-0.16412024976016273
12,0,3,8000,1000,0,-0.4454245378016059
12,0,3,16000,1000,0,-0.44059551097084226
12,0,1,4000,1000,0,-0.5172226977536651
12,0,1,16000,1000,0,-0.465323103772978
12,0,3,2000,1000,0,-0.5158767412828146
12,0,3,4000,1000,0,-0.4773237334228703
12,0,2,256000,1000,0,-0.13557362326016476
12,0,3,32000,1000,0,-0.368849896784332
12,0,4,2000,1000,0,-0.4818826488949536
12,0,4,16000,1000,0,-0.4133282586429049
12,0,3,128000,1000,0,0.007508464928993261
12,0,3,64000,1000,0,-0.1640515089558345
12,0,4,4000,1000,0,-0.46873491383679317
12,0,3,256000,1000,0,0.06814128770132905
12,0,4,32000,1000,0,-0.2732947233822149
12,0,4,8000,1000,0,-0.434304290121052
12,0,4,64000,1000,0,0.05249311565418419
12,0,4,128000,1000,0,0.19949431077861568
12,0,5,2000,1000,0,-0.48804723879768835
12,0,4,256000,1000,0,0.2534552692262605
12,0,5,4000,1000,0,-0.46075962312975766
12,0,5,16000,1000,0,-0.39782700007927013
12,0,5,8000,1000,0,-0.4355757193681512
12,0,5,32000,1000,0,-0.2211402531961164
12,0,1,2000,1000,0,-0.5150703902672185
12,0,1,4000,1000,0,-0.5172226977536651
12,0,3,2000,1000,0,-0.5158767412828146
12,0,1,64000,1000,0,-0.3646449065113145
12,0,2,64000,1000,0,-0.2897853965199829
12,0,2,128000,1000,0,-0.16412024976016273
12,0,3,8000,1000,0,-0.4454245378016059
12,0,2,8000,1000,0,-0.4632355082060211
12,0,1,128000,1000,0,-0.30224283953104053
12,0,3,4000,1000,0,-0.4773237334228703
12,0,1,256000,1000,0,-0.2747641038334125
12,0,1,16000,1000,0,-0.465323103772978
12,0,3,16000,1000,0,-0.44059551097084226
12,0,2,256000,1000,0,-0.13557362326016476
12,0,1,32000,1000,0,-0.4318917967445544
12,0,2,2000,1000,0,-0.5189739024773339
12,0,2,4000,1000,0,-0.48872512019792974
12,0,1,8000,1000,0,-0.49370472734244264
12,0,2,32000,1000,0,-0.421187393533862
12,0,2,16000,1000,0,-0.4634646270360396
12,0,3,32000,1000,0,-0.368849896784332
12,0,4,2000,1000,0,-0.4818826488949536
12,0,4,4000,1000,0,-0.46873491383679317
12,0,3,256000,1000,0,0.06814128770132905
12,0,4,8000,1000,0,-0.434304290121052
12,0,3,64000,1000,0,-0.1640515089558345
12,0,3,128000,1000,0,0.007508464928993261
12,0,4,16000,1000,0,-0.4133282586429049
12,0,4,32000,1000,0,-0.2732947233822149
12,0,4,256000,1000,0,0.2534552692262605
12,0,4,64000,1000,0,0.05249311565418419
12,0,5,2000,1000,0,-0.48804723879768835
12,0,4,128000,1000,0,0.19949431077861568
12,0,5,4000,1000,0,-0.46075962312975766
12,0,5,8000,1000,0,-0.4355757193681512
12,0,5,16000,1000,0,-0.39782700007927013
12,0,5,32000,1000,0,-0.2211402531961164
12,0,5,64000,1000,0,0.08948048618949955
12,0,5,128000,1000,0,0.2164522195100267
12,0,5,256000,1000,0,0.2710777869406932
12,0,6,2000,1000,0,-0.4860888812094845
12,0,6,4000,1000,0,-0.45657394293429565
12,0,6,8000,1000,0,-0.43748869360039405
12,0,6,32000,1000,0,-0.20502691285192198
12,0,6,16000,1000,0,-0.40761700159815367
12,0,6,128000,1000,0,0.18723994319514972
12,0,6,64000,1000,0,0.10389337892101995
12,0,6,256000,1000,0,0.24404668095018775
12,0,7,2000,1000,0,-0.48274033403510364
12,0,7,4000,1000,0,-0.46130264789786896
12,0,7,8000,1000,0,-0.4511666069450628
12,0,7,32000,1000,0,-0.13219756351657866
12,0,7,16000,1000,0,-0.3953916823998295
12,0,7,64000,1000,0,0.0972215052169187
12,0,8,2000,1000,0,-0.48837769007681175
12,0,7,256000,1000,0,0.24627256701127356
12,0,7,128000,1000,0,0.2073451670108451
12,0,8,4000,1000,0,-0.4681311038049511
12,0,8,8000,1000,0,-0.44813008914276425
12,0,8,16000,1000,0,-0.3658166918737748
12,0,8,32000,1000,0,-0.07646193286165692
12,0,8,64000,1000,0,0.08071535394183803
12,0,9,2000,1000,0,-0.48950759733857374
12,0,8,128000,1000,0,0.2196725683131034
12,0,9,4000,1000,0,-0.46462431985460656
12,0,8,256000,1000,0,0.27833556056593173
12,0,9,8000,1000,0,-0.44277624689473943
12,0,9,16000,1000,0,-0.32761312923620334
12,0,9,32000,1000,0,-0.05128977554519358
12,0,9,64000,1000,0,0.04247067533763955
12,0,9,128000,1000,0,0.15091998714805926
12,0,9,256000,1000,0,0.1926892359466628
12,0,10,2000,1000,0,-0.498418058743311
12,0,10,4000,1000,0,-0.45257817491813424
12,0,11,2000,1000,0,-0.4947772095831758
12,0,11,8000,1000,0,-0.41483413911905914
12,0,11,16000,1000,0,-0.22839946770709094
12,0,11,4000,1000,0,-0.4564395620608359
12,0,11,32000,1000,0,-0.10184877962424234
12,0,11,64000,1000,0,-0.007149322162128096
12,0,11,128000,1000,0,0.12734299378520783
12,0,10,8000,1000,0,-0.4274690774882762
12,0,10,16000,1000,0,-0.2595048361765819
12,0,12,2000,1000,0,-0.4755369005050769
12,0,11,256000,1000,0,0.20503801938984215
12,0,12,4000,1000,0,-0.458484503232501
12,0,12,8000,1000,0,-0.41082383181461457
12,0,10,32000,1000,0,-0.09471457568024977
12,0,12,16000,1000,0,-0.19675590377770502
12,0,10,64000,1000,0,0.010570021505744513
12,0,12,32000,1000,0,-0.12050196620933022
12,0,10,128000,1000,0,0.14363057903465326
12,0,10,256000,1000,0,0.23615773345361607
12,0,12,64000,1000,0,-0.02399579493668189
12,0,12,128000,1000,0,0.12431749479457026
12,0,13,4000,1000,0,-0.45224277812460173
12,0,13,2000,1000,0,-0.4810098515190632
12,0,12,256000,1000,0,0.21465526438943974
12,0,13,8000,1000,0,-0.4013398451155425
12,0,13,16000,1000,0,-0.1805169127484999
12,0,13,32000,1000,0,-0.09036200752821529
12,0,14,2000,1000,0,-0.48390381502533286
12,0,14,4000,1000,0,-0.4481592172169652
12,0,14,8000,1000,0,-0.3919897262521291
12,0,13,128000,1000,0,0.12845700884255207
12,0,14,32000,1000,0,-0.12832458144387252
12,0,14,128000,1000,0,0.15077732229879706
12,0,13,64000,1000,0,-0.023720779245878867
12,0,14,16000,1000,0,-0.18996933934433866
12,0,15,4000,1000,0,-0.4467269558145933
12,0,13,256000,1000,0,0.21636838999296898
12,0,14,64000,1000,0,-0.011455122314552877
12,0,15,2000,1000,0,-0.4877983044652068
12,0,14,256000,1000,0,0.22381829198941533
12,0,15,8000,1000,0,-0.38509752102742584
12,0,15,16000,1000,0,-0.203114082244403
12,0,15,32000,1000,0,-0.13896767577665048
12,0,15,64000,1000,0,-0.03066039728116799
12,0,15,128000,1000,0,0.10113770519405324
12,0,15,256000,1000,0,0.19945738621619447
12,0,16,4000,1000,0,-0.4433948187816343
12,0,16,8000,1000,0,-0.3929775192685263
12,0,16,16000,1000,0,-0.23155268106163548
12,0,16,2000,1000,0,-0.4839604524972401
12,0,16,64000,1000,0,-0.02796327507887765
12,0,16,32000,1000,0,-0.15202115510716016
12,0,16,128000,1000,0,0.1380261780858592
12,0,17,4000,1000,0,-0.4441181016426265
12,0,17,2000,1000,0,-0.4882890624912969
12,0,17,8000,1000,0,-0.3905406082097253
12,0,16,256000,1000,0,0.21994669454948076
12,0,17,16000,1000,0,-0.22705449141200731
12,0,17,32000,1000,0,-0.1621060672710659
12,0,17,64000,1000,0,-0.031916963546928565
12,0,18,2000,1000,0,-0.47509240795329377
12,0,17,128000,1000,0,0.12395109260947328
12,0,18,4000,1000,0,-0.44367082655808066
12,0,17,256000,1000,0,0.1926163418757075
12,0,18,8000,1000,0,-0.3833625296604807
12,0,18,16000,1000,0,-0.2490219910652565
12,0,18,128000,1000,0,0.13710965123383667
12,0,18,32000,1000,0,-0.14756274322963486
12,0,18,64000,1000,0,-0.01665464413804224
12,0,18,256000,1000,0,0.23085167449709978
12,0,19,2000,1000,0,-0.47243184204324007
12,0,19,4000,1000,0,-0.44782413796311465
12,0,19,8000,1000,0,-0.38496518994446405
12,0,19,16000,1000,0,-0.2564179771406245
12,0,20,16000,1000,0,-0.2649988153707946
12,0,20,8000,1000,0,-0.39088941694794543
12,0,20,32000,1000,0,-0.18820024819018305
12,0,20,64000,1000,0,-0.031924161325077784
12,0,19,32000,1000,0,-0.17682547754956005
12,0,19,64000,1000,0,-0.04940279469402076
12,0,20,128000,1000,0,0.12160361147827632
12,0,19,128000,1000,0,0.1098182131459879
12,0,19,256000,1000,0,0.20879855816687007
12,0,20,256000,1000,0,0.18673309935674579
12,0,21,4000,1000,0,-0.4419158761442372
12,0,21,2000,1000,0,-0.4706882166917051
12,0,21,8000,1000,0,-0.3864519355294113
12,0,21,16000,1000,0,-0.2807021022077188
12,0,20,2000,1000,0,-0.4751237794537194
12,0,20,4000,1000,0,-0.4553547984163013
12,0,21,32000,1000,0,-0.1832729657415676
12,0,21,64000,1000,0,-0.008059050231331756
12,0,21,128000,1000,0,0.13419837981150898
12,0,21,256000,1000,0,0.19784120497971805
12,0,22,2000,1000,0,-0.4720841559420095
12,0,22,4000,1000,0,-0.4419146904932154
12,0,22,8000,1000,0,-0.38101050010656135
12,0,22,16000,1000,0,-0.2784859630583342
12,0,22,128000,1000,0,0.11424766242905857
12,0,23,4000,1000,0,-0.4341293209293224
12,0,23,8000,1000,0,-0.4045717360760053
12,0,23,16000,1000,0,-0.3234620455531693
12,0,23,32000,1000,0,-0.18122127788495515
12,0,23,64000,1000,0,-0.02226055870043942
12,0,24,2000,1000,0,-0.4784558956965941
12,0,24,4000,1000,0,-0.44693765741379876
12,0,22,32000,1000,0,-0.18385822981350652
12,0,22,64000,1000,0,-0.01715732336751542
12,0,22,256000,1000,0,0.1859330961168011
12,0,24,8000,1000,0,-0.41073344012531826
12,0,23,2000,1000,0,-0.46957760034433776
12,0,23,128000,1000,0,0.07914391203784953
12,0,23,256000,1000,0,0.1658646228484576
12,0,24,16000,1000,0,-0.3240207311935391
12,0,24,32000,1000,0,-0.20596961808080574
12,0,24,64000,1000,0,0.0006247134149330034
12,0,24,128000,1000,0,0.13288040680427676
12,0,24,256000,1000,0,0.19631712708731075
12,0,25,2000,1000,0,-0.46819200791226806
12,0,25,4000,1000,0,-0.4492791925952601
12,0,25,8000,1000,0,-0.38871453197285843
12,0,25,16000,1000,0,-0.33048569121953564
12,0,25,32000,1000,0,-0.2018858377011388
12,0,25,64000,1000,0,-0.0029535236526799817
12,0,25,128000,1000,0,0.11968094514643096
12,0,25,256000,1000,0,0.1835724660467161
12,0,26,16000,1000,0,-0.31937467616129206
12,0,26,4000,1000,0,-0.4452991795153852
12,0,26,2000,1000,0,-0.47512069217959735
12,0,26,256000,1000,0,0.15594795692011537
12,0,26,8000,1000,0,-0.39498315111637117
12,0,26,32000,1000,0,-0.20191736999022167
12,0,26,64000,1000,0,-0.023318548614841214
12,0,27,2000,1000,0,-0.4738361245993245
12,0,26,128000,1000,0,0.1056104778868347
12,0,27,4000,1000,0,-0.44238779481335927
12,0,27,8000,1000,0,-0.3888664719815258
12,0,27,16000,1000,0,-0.32081126433979884
12,0,27,32000,1000,0,-0.20897499495426292
12,0,27,64000,1000,0,-0.0228476274450084
12,0,27,128000,1000,0,0.11706622602684576
12,0,27,256000,1000,0,0.18133671165926757
12,0,28,4000,1000,0,-0.44434105969028886
12,0,28,2000,1000,0,-0.4672771420301657
12,0,28,8000,1000,0,-0.39787333185452156
12,0,28,16000,1000,0,-0.333745577051396
12,0,28,32000,1000,0,-0.2077479084067123
12,0,28,256000,1000,0,0.20873783367881626
12,0,29,16000,1000,0,-0.3570928123104675
12,0,29,64000,1000,0,-0.003337824346273554
12,0,28,64000,1000,0,0.0003528612380117835
12,0,29,2000,1000,0,-0.47436045967600105
12,0,29,128000,1000,0,0.10018782209527623
12,0,28,128000,1000,0,0.1456799164041378
12,0,29,256000,1000,0,0.16956677414808635
12,0,30,2000,1000,0,-0.4726316457241609
12,0,29,4000,1000,0,-0.4529118265434667
12,0,30,4000,1000,0,-0.4444429774782526
12,0,29,8000,1000,0,-0.40405493408437165
12,0,30,8000,1000,0,-0.39673315139367504
12,0,30,16000,1000,0,-0.3443593018788643
12,0,29,32000,1000,0,-0.18368757701894772
12,0,30,64000,1000,0,-0.0007806822413063692
12,0,30,32000,1000,0,-0.18008183430251262
12,0,30,128000,1000,0,0.13025919449366039
12,0,30,256000,1000,0,0.1964508650988331
12,0,1,2000,1000,1,-0.5113524492112619
12,0,1,4000,1000,1,-0.513490224501438
12,0,1,8000,1000,1,-0.4716175370298725
12,0,1,16000,1000,1,-0.45493457990076697
12,0,1,128000,1000,1,-0.3733676839616148
12,0,2,2000,1000,1,-0.49209908243794115
12,0,2,4000,1000,1,-0.47656005840941446
12,0,2,16000,1000,1,-0.44298525937176614
12,0,2,64000,1000,1,-0.246514135099942
12,0,2,128000,1000,1,-0.10594578048557889
12,0,3,2000,1000,1,-0.5147838325830641
12,0,1,32000,1000,1,-0.44325363270628
12,0,3,4000,1000,1,-0.47068843033965335
12,0,1,64000,1000,1,-0.40070912395637254
12,0,1,256000,1000,1,-0.354119253189941
12,0,3,8000,1000,1,-0.44595934092338885
12,0,2,8000,1000,1,-0.46362722170022025
12,0,3,16000,1000,1,-0.42096757769320026
12,0,2,32000,1000,1,-0.4323333074426049
12,0,2,256000,1000,1,-0.06756301322030168
12,0,3,32000,1000,1,-0.3536475090441457
12,0,3,128000,1000,1,0.06440347766521738
12,0,3,64000,1000,1,-0.08063998325584333
12,0,4,2000,1000,1,-0.48284288796272984
12,0,3,256000,1000,1,0.11544763841487647
12,0,4,4000,1000,1,-0.46838806469170147
12,0,4,8000,1000,1,-0.4312129683361552
12,0,4,16000,1000,1,-0.4086671435031816
12,0,4,32000,1000,1,-0.2537305639607226
12,0,4,64000,1000,1,0.07833181447145164
12,0,5,2000,1000,1,-0.48642016686919465
12,0,4,128000,1000,1,0.18547240336128615
12,0,5,16000,1000,1,-0.40326193042393615
12,0,5,64000,1000,1,0.1459663743039908
12,0,4,256000,1000,1,0.24906002994135784
12,0,5,4000,1000,1,-0.46973851022649227
12,0,5,8000,1000,1,-0.44954488230981166
12,0,6,2000,1000,1,-0.4846627058179136
12,0,5,32000,1000,1,-0.21847809294066042
12,0,6,4000,1000,1,-0.4682900412907693
12,0,5,128000,1000,1,0.26250011276471885
12,0,5,256000,1000,1,0.30990665891131014
12,0,6,16000,1000,1,-0.40283526908098577
12,0,6,32000,1000,1,-0.18450924527995347
12,0,6,64000,1000,1,0.13993192173827498
12,0,6,8000,1000,1,-0.45381048532794366
12,0,6,128000,1000,1,0.23437821948354218
12,0,6,256000,1000,1,0.28070804014448925
12,0,7,2000,1000,1,-0.490825161172486
12,0,7,4000,1000,1,-0.4664772909366329
12,0,7,16000,1000,1,-0.38618183293438496
12,0,7,8000,1000,1,-0.4481865476272224
12,0,7,32000,1000,1,-0.1334581621712668
12,0,7,64000,1000,1,0.110198597292841
12,0,8,4000,1000,1,-0.4672692608971032
12,0,8,16000,1000,1,-0.3958040824884119
12,0,7,128000,1000,1,0.20839600937771324
12,0,7,256000,1000,1,0.261872386176988
12,0,8,2000,1000,1,-0.48184629377142263
12,0,8,128000,1000,1,0.16497676940410008
12,0,9,2000,1000,1,-0.48527325742417454
12,0,8,256000,1000,1,0.23362676412914693
12,0,8,8000,1000,1,-0.4497475347872959
12,0,9,8000,1000,1,-0.4340627967091735
12,0,9,4000,1000,1,-0.4698057653280393
12,0,8,32000,1000,1,-0.120743718202457
12,0,9,16000,1000,1,-0.32925575316164907
12,0,8,64000,1000,1,0.08451696637428711
12,0,9,32000,1000,1,-0.042617444834694325
12,0,9,64000,1000,1,0.11716765730842234
12,0,9,128000,1000,1,0.20937076937507984
12,0,9,256000,1000,1,0.2663715031064484
12,0,10,2000,1000,1,-0.47683706556914685
12,0,10,4000,1000,1,-0.4696207507296454
12,0,10,8000,1000,1,-0.433308870601691
12,0,10,16000,1000,1,-0.32739184583834774
12,0,11,2000,1000,1,-0.477642497577425
12,0,11,4000,1000,1,-0.46313715392362864
12,0,10,256000,1000,1,0.23163443099392697
12,0,11,16000,1000,1,-0.25175044380481365
12,0,11,32000,1000,1,-0.08446528546351834
12,0,10,32000,1000,1,-0.06626928955041354
12,0,10,64000,1000,1,0.06896481947650221
12,0,11,128000,1000,1,0.1436927623139528
12,0,10,128000,1000,1,0.1482334293046914
12,0,12,2000,1000,1,-0.468143955986778
12,0,11,8000,1000,1,-0.4161546481255108
12,0,12,4000,1000,1,-0.4600157680643985
12,0,12,8000,1000,1,-0.4117798216638546
12,0,12,16000,1000,1,-0.22482184050083417
12,0,12,32000,1000,1,-0.12903572784459225
12,0,11,64000,1000,1,0.0405259466064136
12,0,12,64000,1000,1,0.019795330191007827
12,0,11,256000,1000,1,0.2253370882552588
12,0,12,128000,1000,1,0.1264596226202742
12,0,12,256000,1000,1,0.22312288861050955
12,0,13,8000,1000,1,-0.40205391203192
12,0,13,2000,1000,1,-0.4668471038632142
12,0,13,4000,1000,1,-0.46238994295798863
12,0,13,16000,1000,1,-0.22585381845652
12,0,13,32000,1000,1,-0.1495115663819505
12,0,13,256000,1000,1,0.22891440331198054
12,0,14,4000,1000,1,-0.4585899844095275
12,0,14,16000,1000,1,-0.2308097699787377
12,0,14,32000,1000,1,-0.16260584868850161
12,0,14,64000,1000,1,-0.006977233003345834
12,0,14,128000,1000,1,0.11727281953771762
12,0,13,64000,1000,1,0.01865106850723983
12,0,13,128000,1000,1,0.12753552580984148
12,0,14,2000,1000,1,-0.48147608387135415
12,0,14,8000,1000,1,-0.38920806962934335
12,0,15,2000,1000,1,-0.4721442333278827
12,0,15,16000,1000,1,-0.22473416731655757
12,0,14,256000,1000,1,0.2010382028368353
12,0,15,8000,1000,1,-0.39999783969338676
12,0,15,4000,1000,1,-0.465010858893137
12,0,15,32000,1000,1,-0.13823690956631093
12,0,15,64000,1000,1,0.003903359806740303
12,0,15,128000,1000,1,0.13845523112547192
12,0,15,256000,1000,1,0.2215587369700037
12,0,16,2000,1000,1,-0.4708993020049708
12,0,16,4000,1000,1,-0.45684150607664764
12,0,16,8000,1000,1,-0.38465487077190086
12,0,16,16000,1000,1,-0.24725645124198115
12,0,16,32000,1000,1,-0.18543068520069478
12,0,16,64000,1000,1,-0.012152792282857696
12,0,16,128000,1000,1,0.10679388107859646
12,0,17,16000,1000,1,-0.23111572488942603
12,0,17,32000,1000,1,-0.19248094125244183
12,0,17,2000,1000,1,-0.46997538254878796
12,0,16,256000,1000,1,0.21077641855442544
12,0,17,8000,1000,1,-0.39219407743727697
12,0,17,4000,1000,1,-0.4534913841955616
12,0,17,128000,1000,1,0.1455565747133178
12,0,18,2000,1000,1,-0.47540144064069767
12,0,18,4000,1000,1,-0.45457830597941074
12,0,18,8000,1000,1,-0.3904671543678254
12,0,18,16000,1000,1,-0.24379696180807603
12,0,17,64000,1000,1,-0.00609251963754959
12,0,17,256000,1000,1,0.21450299725229616
12,0,18,64000,1000,1,-0.014161543955033572
12,0,18,128000,1000,1,0.1224751279789097
12,0,18,32000,1000,1,-0.18284339555600532
12,0,18,256000,1000,1,0.2096766446386627
12,0,19,2000,1000,1,-0.4753241038477562
12,0,19,4000,1000,1,-0.4509233122156993
12,0,19,8000,1000,1,-0.38181710520692697
12,0,19,16000,1000,1,-0.2765403803835228
12,0,19,32000,1000,1,-0.17708573612824924
12,0,20,8000,1000,1,-0.388953896007023
12,0,20,4000,1000,1,-0.44935457817571006
12,0,20,16000,1000,1,-0.29265144334298454
12,0,20,32000,1000,1,-0.19634443710714491
12,0,20,64000,1000,1,0.009728010084855881
12,0,19,64000,1000,1,-0.023920637447227912
12,0,19,128000,1000,1,0.09476395452931627
12,0,20,2000,1000,1,-0.4782677832393902
12,0,19,256000,1000,1,0.18184376223974144
12,0,21,2000,1000,1,-0.4720981299250384
12,0,21,4000,1000,1,-0.4507996704994112
12,0,21,16000,1000,1,-0.2963492846523736
12,0,21,8000,1000,1,-0.3883702451757882
12,0,21,32000,1000,1,-0.20534120150251756
12,0,21,64000,1000,1,0.006094372635197716
12,0,20,128000,1000,1,0.1314243157639781
12,0,20,256000,1000,1,0.19595401400687942
12,0,21,128000,1000,1,0.15709678585737702
12,0,21,256000,1000,1,0.2125396131194815
12,0,22,2000,1000,1,-0.47576433841289306
12,0,22,4000,1000,1,-0.4554835792334534
12,0,22,16000,1000,1,-0.31560659146752107
12,0,22,8000,1000,1,-0.3835682505000182
12,0,22,32000,1000,1,-0.21629141149475697
12,0,22,64000,1000,1,0.007441516581676861
12,0,23,8000,1000,1,-0.385297090442902
12,0,23,16000,1000,1,-0.309052240407926
12,0,23,32000,1000,1,-0.1979892274219208
12,0,23,128000,1000,1,0.13396417691625107
12,0,23,64000,1000,1,0.00856774929495327
12,0,22,128000,1000,1,0.13440668465647665
12,0,23,4000,1000,1,-0.45272811514300343
12,0,23,256000,1000,1,0.20821451251932035
12,0,23,2000,1000,1,-0.4768695805319956
12,0,22,256000,1000,1,0.20783394367204316
12,0,24,8000,1000,1,-0.3899195942409799
12,0,24,16000,1000,1,-0.3190917264144618
12,0,24,32000,1000,1,-0.20994899349203952
12,0,24,2000,1000,1,-0.4717468086143788
12,0,24,4000,1000,1,-0.4542134056059687
12,0,24,64000,1000,1,-0.010556000923638202
12,0,24,128000,1000,1,0.086522064850434
12,0,25,2000,1000,1,-0.4744942442132565
12,0,24,256000,1000,1,0.16424567798379763
12,0,25,4000,1000,1,-0.4582647562999652
12,0,25,8000,1000,1,-0.3812128017850613
12,0,25,16000,1000,1,-0.32022701432741557
12,0,25,32000,1000,1,-0.17621371556916818
12,0,25,64000,1000,1,0.0026968941097430107
12,0,26,4000,1000,1,-0.4457582930406013
12,0,26,32000,1000,1,-0.18439513042729755
12,0,25,128000,1000,1,0.11582579396012019
12,0,26,64000,1000,1,0.022951976454444294
12,0,26,128000,1000,1,0.1406329470638856
12,0,26,8000,1000,1,-0.4056470179832105
12,0,26,2000,1000,1,-0.4707580719353789
12,0,26,16000,1000,1,-0.34532790565390226
12,0,27,4000,1000,1,-0.4443813316874979
12,0,25,256000,1000,1,0.19639899073310543
12,0,27,8000,1000,1,-0.39608948334366767
12,0,27,16000,1000,1,-0.35446070640245125
12,0,27,64000,1000,1,-0.0028025304531051343
12,0,27,32000,1000,1,-0.2051306655877599
12,0,27,2000,1000,1,-0.4738649453565058
12,0,26,256000,1000,1,0.24433476891093608
12,0,27,128000,1000,1,0.11180721347871213
12,0,27,256000,1000,1,0.1815377494137104
12,0,28,2000,1000,1,-0.46352162023393284
12,0,28,4000,1000,1,-0.438840124418066
12,0,28,8000,1000,1,-0.38050458426068534
12,0,28,16000,1000,1,-0.3361486614385846
12,0,28,32000,1000,1,-0.18108553036366792
12,0,28,64000,1000,1,0.0181364050099361
12,0,28,128000,1000,1,0.1470780477180041
12,0,29,8000,1000,1,-0.3829507498629804
12,0,29,32000,1000,1,-0.19218066630811761
12,0,29,64000,1000,1,0.010078348013168495
12,0,29,128000,1000,1,0.13741253475064422
12,0,29,256000,1000,1,0.204730081550306
12,0,29,4000,1000,1,-0.4489007955188788
12,0,29,2000,1000,1,-0.46780235680496274
12,0,29,16000,1000,1,-0.33306417023741836
12,0,28,256000,1000,1,0.20032186749156428
12,0,30,8000,1000,1,-0.394705357954002
12,0,30,16000,1000,1,-0.3475238487795772
12,0,30,32000,1000,1,-0.19931600401229452
12,0,30,64000,1000,1,-0.023860204979152127
12,0,30,2000,1000,1,-0.4744750091191962
12,0,30,4000,1000,1,-0.4413271258359652
12,0,30,256000,1000,1,0.15552591779616615
12,0,30,128000,1000,1,0.07072841395979164
12,0,1,2000,1000,2,-0.5153495680472006
12,0,1,8000,1000,2,-0.47892540550862217
12,0,1,4000,1000,2,-0.5198536854891934
12,0,1,16000,1000,2,-0.45857258397810463
12,0,1,32000,1000,2,-0.4349929264480622
12,0,1,64000,1000,2,-0.38866839018734695
12,0,1,128000,1000,2,-0.3691109301408869
12,0,1,256000,1000,2,-0.3373888087157474
12,0,2,32000,1000,2,-0.4175703942091738
12,0,2,64000,1000,2,-0.2520993563511294
12,0,2,128000,1000,2,-0.1250917567243673
12,0,2,256000,1000,2,-0.06759869758347677
12,0,2,2000,1000,2,-0.5196496450679324
12,0,2,8000,1000,2,-0.468467173967402
12,0,2,4000,1000,2,-0.507903391832297
12,0,2,16000,1000,2,-0.49105075878889215
12,0,3,16000,1000,2,-0.4627879431972235
12,0,3,8000,1000,2,-0.44210126005787087
12,0,3,64000,1000,2,-0.041076656415825794
12,0,3,32000,1000,2,-0.33945873735965665
12,0,3,128000,1000,2,0.10596491688848127
12,0,3,256000,1000,2,0.1740922498436568
12,0,4,2000,1000,2,-0.5048201147341621
12,0,3,2000,1000,2,-0.5046327698162479
12,0,3,4000,1000,2,-0.4742148169312627
12,0,4,4000,1000,2,-0.48014461679116405
12,0,4,8000,1000,2,-0.4342293237890938
12,0,4,16000,1000,2,-0.4410879206959556
12,0,4,32000,1000,2,-0.2819658985245646
12,0,4,64000,1000,2,0.038541348780723725
12,0,4,128000,1000,2,0.1820757974794942
12,0,4,256000,1000,2,0.26079957771372375
12,0,5,32000,1000,2,-0.19673475492707732
12,0,5,64000,1000,2,0.12768924350004496
12,0,5,128000,1000,2,0.20610825394850982
12,0,6,2000,1000,2,-0.48762241570100234
12,0,5,4000,1000,2,-0.47749616998919875
12,0,5,2000,1000,2,-0.49473862051004985
12,0,6,4000,1000,2,-0.4814112415539597
12,0,6,8000,1000,2,-0.4565026249336864
12,0,5,8000,1000,2,-0.4495896875550883
12,0,5,256000,1000,2,0.2591473258609677
12,0,5,16000,1000,2,-0.4388945644082372
12,0,6,64000,1000,2,0.11629590033735497
12,0,6,128000,1000,2,0.23115114837094802
12,0,6,256000,1000,2,0.28219618704817306
12,0,6,16000,1000,2,-0.4182273502371812
12,0,6,32000,1000,2,-0.18853697159061716
12,0,7,2000,1000,2,-0.49673860299003675
12,0,7,4000,1000,2,-0.4668084149436845
12,0,7,8000,1000,2,-0.4512701270741551
12,0,7,16000,1000,2,-0.38432227534256463
12,0,7,32000,1000,2,-0.09262828172311276
12,0,7,64000,1000,2,0.15210900960724988
12,0,7,128000,1000,2,0.2198624517193884
12,0,8,16000,1000,2,-0.3821890163259656
12,0,8,2000,1000,2,-0.4832336262154205
12,0,7,256000,1000,2,0.3052850923581706
12,0,8,256000,1000,2,0.2747771748125299
12,0,8,64000,1000,2,0.116064420922165
12,0,9,2000,1000,2,-0.47825493181464895
12,0,8,8000,1000,2,-0.4555807378160679
12,0,8,4000,1000,2,-0.46647106940282757
12,0,9,4000,1000,2,-0.46789013874941837
12,0,8,32000,1000,2,-0.0981296441788549
12,0,8,128000,1000,2,0.21502279538633232
12,0,9,64000,1000,2,0.058563332389189954
12,0,9,32000,1000,2,-0.03395105576880585
12,0,9,128000,1000,2,0.12198636108790153
12,0,9,8000,1000,2,-0.4485829185726405
12,0,9,16000,1000,2,-0.3115967982941273
12,0,9,256000,1000,2,0.18045925501737087
12,0,10,2000,1000,2,-0.4900777951441927
12,0,10,8000,1000,2,-0.4216579393492245
12,0,10,4000,1000,2,-0.4616143231266173
12,0,10,32000,1000,2,-0.0746780865672915
12,0,10,16000,1000,2,-0.2114630721933591
12,0,10,64000,1000,2,0.06376407863462065
12,0,10,128000,1000,2,0.19576720804116213
12,0,11,2000,1000,2,-0.47628502391598054
12,0,10,256000,1000,2,0.2668082271628782
12,0,11,8000,1000,2,-0.4070267759196436
12,0,11,128000,1000,2,0.12328498131854881
12,0,11,256000,1000,2,0.2106397512107309
12,0,11,16000,1000,2,-0.19472907484812488
12,0,11,4000,1000,2,-0.4654899667427467
12,0,11,32000,1000,2,-0.12788121726441798
12,0,12,2000,1000,2,-0.4781302469293891
12,0,11,64000,1000,2,0.02529723071965437
12,0,12,16000,1000,2,-0.18505290659438742
12,0,12,32000,1000,2,-0.08663772303569917
12,0,12,64000,1000,2,0.0293191027660679
12,0,12,128000,1000,2,0.1164107452901082
12,0,13,2000,1000,2,-0.4669523049011468
12,0,12,256000,1000,2,0.2212612000175848
12,0,12,4000,1000,2,-0.4573810291588773
12,0,13,4000,1000,2,-0.46354435579030695
12,0,12,8000,1000,2,-0.4064087106911385
12,0,13,8000,1000,2,-0.3995482948354016
12,0,13,16000,1000,2,-0.21223989419357975
12,0,13,32000,1000,2,-0.11046234669023773
12,0,13,64000,1000,2,0.019163782079445864
12,0,13,128000,1000,2,0.16671769938821518
12,0,13,256000,1000,2,0.22783886318904348
12,0,14,16000,1000,2,-0.216758954958826
12,0,14,64000,1000,2,0.011100268965045174
12,0,14,128000,1000,2,0.13554409022940472
12,0,14,256000,1000,2,0.20652317555569175
12,0,15,2000,1000,2,-0.47551685209838185
12,0,15,8000,1000,2,-0.38576583545883636
12,0,14,2000,1000,2,-0.47821632148173415
12,0,14,4000,1000,2,-0.45520913015098713
12,0,15,4000,1000,2,-0.45151037023589996
12,0,14,8000,1000,2,-0.3796495655081934
12,0,15,32000,1000,2,-0.14702424706051817
12,0,14,32000,1000,2,-0.1490592447206751
12,0,15,128000,1000,2,0.14483632876804858
12,0,15,256000,1000,2,0.22743403722473415
12,0,15,16000,1000,2,-0.22774266639717933
12,0,16,2000,1000,2,-0.47794498385153056
12,0,16,4000,1000,2,-0.4488346385257059
12,0,15,64000,1000,2,0.011230841697938006
12,0,16,8000,1000,2,-0.3504920038267009
12,0,16,16000,1000,2,-0.2412498912788902
12,0,16,32000,1000,2,-0.14149816020690265
12,0,16,64000,1000,2,0.024079560845723668
12,0,16,256000,1000,2,0.23962999646835692
12,0,16,128000,1000,2,0.1495267719915492
12,0,17,2000,1000,2,-0.47547530155496837
12,0,17,4000,1000,2,-0.4484816291367384
12,0,17,32000,1000,2,-0.1308335870823949
12,0,17,128000,1000,2,0.1375990575374912
12,0,18,2000,1000,2,-0.4679449607325247
12,0,18,4000,1000,2,-0.4468203094787591
12,0,17,8000,1000,2,-0.382822579143677
12,0,17,16000,1000,2,-0.24580406967054352
12,0,17,64000,1000,2,0.04913919844740061
12,0,18,16000,1000,2,-0.26326932262119307
12,0,17,256000,1000,2,0.20838680001813253
12,0,18,32000,1000,2,-0.16840084268389005
12,0,18,128000,1000,2,0.14010805937449508
12,0,18,8000,1000,2,-0.36743619620140217
12,0,18,256000,1000,2,0.19784149696219744
12,0,18,64000,1000,2,0.0027017594833093055
12,0,19,2000,1000,2,-0.46475402046125347
12,0,19,8000,1000,2,-0.3830379677387773
12,0,19,4000,1000,2,-0.4377748397118444
12,0,19,16000,1000,2,-0.25437985504943245
12,0,19,32000,1000,2,-0.17932253943354193
12,0,19,64000,1000,2,0.019858936282496416
12,0,19,128000,1000,2,0.15688766387730171
12,0,20,2000,1000,2,-0.46185326794406284
12,0,19,256000,1000,2,0.21259610641889418
12,0,20,4000,1000,2,-0.43005084177225084
12,0,20,64000,1000,2,0.03022654025327667
12,0,20,8000,1000,2,-0.3791789600719561
12,0,20,16000,1000,2,-0.2874798027661684
12,0,20,256000,1000,2,0.24971656922884994
12,0,21,2000,1000,2,-0.4787214406874826
12,0,21,8000,1000,2,-0.3739319184457542
12,0,20,32000,1000,2,-0.15980695355692023
12,0,20,128000,1000,2,0.15981493454996157
12,0,21,32000,1000,2,-0.1625473887021744
12,0,21,4000,1000,2,-0.43888385216960346
12,0,22,4000,1000,2,-0.43678226123239217
12,0,21,64000,1000,2,0.017308718611779343
12,0,22,8000,1000,2,-0.3679785558161159
12,0,22,2000,1000,2,-0.4773935238085625
12,0,21,128000,1000,2,0.13932364946068745
12,0,21,256000,1000,2,0.22294548026260158
12,0,22,16000,1000,2,-0.2791870157280896
12,0,22,32000,1000,2,-0.1824017187186738
12,0,22,64000,1000,2,0.0019482391286303909
12,0,21,16000,1000,2,-0.2866132793322007
12,0,23,8000,1000,2,-0.3925089745113136
12,0,23,4000,1000,2,-0.4391702053665843
12,0,23,16000,1000,2,-0.30440615525674175
12,0,22,128000,1000,2,0.13918271663747675
12,0,23,2000,1000,2,-0.466674940740569
12,0,23,128000,1000,2,0.11739494765943152
12,0,22,256000,1000,2,0.2206494998087085
12,0,23,32000,1000,2,-0.19122903053034754
12,0,24,8000,1000,2,-0.3956233572406006
12,0,24,4000,1000,2,-0.4397710303660141
12,0,24,2000,1000,2,-0.46633702718177505
12,0,24,16000,1000,2,-0.30460465929474606
12,0,24,32000,1000,2,-0.18513870125870485
12,0,23,64000,1000,2,0.022011876189332785
12,0,24,64000,1000,2,0.005712288193992064
12,0,24,128000,1000,2,0.11007712217872082
12,0,25,2000,1000,2,-0.45973108067347845
12,0,23,256000,1000,2,0.18668391532156875
12,0,24,256000,1000,2,0.20099013963485646
12,0,25,8000,1000,2,-0.3835975168346839
12,0,25,16000,1000,2,-0.29490158364036634
12,0,25,4000,1000,2,-0.43946971225207415
12,0,25,32000,1000,2,-0.18536381827455642
12,0,25,64000,1000,2,-0.005076766413235242
12,0,25,256000,1000,2,0.16950672780345954
12,0,26,16000,1000,2,-0.3209824113947748
12,0,26,8000,1000,2,-0.3971539773125943
12,0,26,32000,1000,2,-0.19016209369513914
12,0,26,64000,1000,2,0.0264567128208912
12,0,26,128000,1000,2,0.14029681374768482
12,0,27,4000,1000,2,-0.43467065748351685
12,0,27,2000,1000,2,-0.46026307097981156
12,0,26,2000,1000,2,-0.46732548076562647
12,0,25,128000,1000,2,0.11385575537896805
12,0,27,8000,1000,2,-0.39019591244532215
12,0,26,4000,1000,2,-0.4370597721206667
12,0,27,32000,1000,2,-0.18982702137409138
12,0,26,256000,1000,2,0.17291447300198284
12,0,27,64000,1000,2,-0.0054526357816045215
12,0,27,16000,1000,2,-0.3392078209455767
12,0,28,2000,1000,2,-0.4552995428197838
12,0,27,128000,1000,2,0.14791198864785782
12,0,28,4000,1000,2,-0.441415176402046
12,0,28,16000,1000,2,-0.3299182484802796
12,0,28,8000,1000,2,-0.4087234790972683
12,0,28,32000,1000,2,-0.16450023503463898
12,0,27,256000,1000,2,0.20512802476246078
12,0,28,64000,1000,2,0.02419984491757588
12,0,28,128000,1000,2,0.12124746522197924
12,0,29,2000,1000,2,-0.46938945247892727
12,0,28,256000,1000,2,0.2139238194542233
12,0,29,4000,1000,2,-0.4277210916111876
12,0,29,32000,1000,2,-0.1800160963205963
12,0,29,128000,1000,2,0.13099718361996832
12,0,29,8000,1000,2,-0.40213405673933583
12,0,29,16000,1000,2,-0.333827023750839
12,0,30,2000,1000,2,-0.4683853665232666
12,0,30,8000,1000,2,-0.41108729105614555
12,0,29,64000,1000,2,0.016568596737080932
12,0,30,16000,1000,2,-0.3182029708262319
12,0,30,32000,1000,2,-0.18829940806388107
12,0,29,256000,1000,2,0.1985263500290981
12,0,30,64000,1000,2,0.012870521374340221
12,0,30,4000,1000,2,-0.4273252026508515
12,0,30,256000,1000,2,0.18952291123310686
12,0,30,128000,1000,2,0.12087671343290736
12,0,1,4000,1000,3,-0.5189935285214904
12,0,1,8000,1000,3,-0.48561841039427084
12,0,1,16000,1000,3,-0.45603069326358314
12,0,1,32000,1000,3,-0.427306124109796
12,0,1,128000,1000,3,-0.3123792756723813
12,0,1,64000,1000,3,-0.3744706735229562
12,0,1,2000,1000,3,-0.5181371258040055
12,0,1,256000,1000,3,-0.27366392661347755
12,0,2,8000,1000,3,-0.46002475083586475
12,0,2,16000,1000,3,-0.457428700973068
12,0,2,64000,1000,3,-0.2844547837072209
12,0,2,2000,1000,3,-0.5182084140002142
12,0,2,4000,1000,3,-0.4792941179546032
12,0,2,256000,1000,3,-0.11978749664744166
12,0,2,128000,1000,3,-0.18216722997940638
12,0,3,8000,1000,3,-0.4508762317366428
12,0,2,32000,1000,3,-0.4280481991459627
12,0,3,32000,1000,3,-0.393526867896383
12,0,3,16000,1000,3,-0.4493082836017919
12,0,3,64000,1000,3,-0.1776947925391139
12,0,3,128000,1000,3,-0.04033482866112996
12,0,4,2000,1000,3,-0.49267157755306407
12,0,3,256000,1000,3,0.026291157480358162
12,0,3,2000,1000,3,-0.5043021127315251
12,0,4,4000,1000,3,-0.4667516099605489
12,0,3,4000,1000,3,-0.4782123582679309
12,0,4,16000,1000,3,-0.42346321391402875
12,0,4,32000,1000,3,-0.29163802948326495
12,0,4,64000,1000,3,0.013461943789756795
12,0,4,8000,1000,3,-0.4379860918669234
12,0,4,128000,1000,3,0.19185347286920845
12,0,5,4000,1000,3,-0.4629647582513195
12,0,5,16000,1000,3,-0.40190235137307107
12,0,5,8000,1000,3,-0.4401651317992306
12,0,5,64000,1000,3,0.14158634351719465
12,0,5,128000,1000,3,0.2462968330722381
12,0,5,2000,1000,3,-0.48907646530646803
12,0,5,256000,1000,3,0.28657217538500845
12,0,6,2000,1000,3,-0.49318817499505546
12,0,4,256000,1000,3,0.24344123224953063
12,0,6,4000,1000,3,-0.46334085892206867
12,0,6,8000,1000,3,-0.44181358472959914
12,0,6,32000,1000,3,-0.17219523755837737
12,0,5,32000,1000,3,-0.21348602889929555
12,0,6,128000,1000,3,0.23611408216547827
12,0,6,16000,1000,3,-0.40483502665786614
12,0,7,2000,1000,3,-0.48532390329828884
12,0,6,64000,1000,3,0.1331155251944157
12,0,6,256000,1000,3,0.3010563608638804
12,0,7,8000,1000,3,-0.4409669514221872
12,0,7,16000,1000,3,-0.3950533591459127
12,0,7,32000,1000,3,-0.12419717487612253
12,0,7,128000,1000,3,0.166187087389227
12,0,7,4000,1000,3,-0.47523945366426834
12,0,7,64000,1000,3,0.07804076370588756
12,0,7,256000,1000,3,0.22040124193765007
12,0,8,8000,1000,3,-0.4355197251434588
12,0,8,32000,1000,3,-0.09305281115721036
12,0,8,2000,1000,3,-0.47817761232574496
12,0,8,64000,1000,3,0.10747291645569888
12,0,8,128000,1000,3,0.19641153664722252
12,0,8,4000,1000,3,-0.47069006222348314
12,0,8,16000,1000,3,-0.3725798638025881
12,0,9,2000,1000,3,-0.4806486445128484
12,0,9,8000,1000,3,-0.4428034101884219
12,0,9,32000,1000,3,-0.08687030867797378
12,0,8,256000,1000,3,0.2670535758481334
12,0,9,64000,1000,3,0.07352618838136687
12,0,9,128000,1000,3,0.16669042478389634
12,0,9,4000,1000,3,-0.4782879197028071
12,0,9,16000,1000,3,-0.3613914830121977
12,0,10,2000,1000,3,-0.48594281717008464
12,0,9,256000,1000,3,0.23993554264584108
12,0,10,16000,1000,3,-0.3159342767292646
12,0,10,8000,1000,3,-0.4358752884579478
12,0,10,32000,1000,3,-0.04224068849500408
12,0,10,64000,1000,3,0.051284070041486426
12,0,10,128000,1000,3,0.16014955345805543
12,0,10,256000,1000,3,0.22374053897015478
12,0,10,4000,1000,3,-0.4796109819130619
12,0,11,2000,1000,3,-0.46675764840880996
12,0,11,32000,1000,3,-0.05190929455914916
12,0,11,16000,1000,3,-0.2039257396073945
12,0,11,64000,1000,3,0.03694894385297675
12,0,11,8000,1000,3,-0.42432448644453313
12,0,11,4000,1000,3,-0.46255677604176904
12,0,12,2000,1000,3,-0.4762690419062584
12,0,11,256000,1000,3,0.22997135056623905
12,0,12,16000,1000,3,-0.19990141466749412
12,0,12,32000,1000,3,-0.13439980626881712
12,0,11,128000,1000,3,0.15924195654042714
12,0,12,64000,1000,3,0.015472322821363339
12,0,12,128000,1000,3,0.10345761979764946
12,0,12,256000,1000,3,0.1815566034122024
12,0,13,2000,1000,3,-0.47062567867795063
12,0,13,4000,1000,3,-0.4605562746064919
12,0,12,8000,1000,3,-0.4203694599142736
12,0,12,4000,1000,3,-0.4689630336538519
12,0,13,8000,1000,3,-0.4038648057160592
12,0,13,32000,1000,3,-0.09200158013663551
12,0,13,64000,1000,3,-0.0010124542772315568
12,0,13,128000,1000,3,0.12745480415877636
12,0,13,16000,1000,3,-0.22206689774866145
12,0,13,256000,1000,3,0.1988591631259855
12,0,14,8000,1000,3,-0.4114902936101728
12,0,14,16000,1000,3,-0.21907630447930956
12,0,14,32000,1000,3,-0.13434984969914712
12,0,14,64000,1000,3,-0.021568020990126363
12,0,15,8000,1000,3,-0.40458866425113527
12,0,14,256000,1000,3,0.18904128196408004
12,0,15,4000,1000,3,-0.4579221916437042
12,0,14,4000,1000,3,-0.45951536663488013
12,0,14,2000,1000,3,-0.47445498925932894
12,0,15,2000,1000,3,-0.4772021530470688
12,0,15,16000,1000,3,-0.1988359315958985
12,0,15,128000,1000,3,0.12781042968466033
12,0,15,256000,1000,3,0.2018298731312546
12,0,14,128000,1000,3,0.11735234921454032
12,0,16,2000,1000,3,-0.4743321179251117
12,0,15,32000,1000,3,-0.14966801171545077
12,0,15,64000,1000,3,-0.0005102052414671832
12,0,16,4000,1000,3,-0.45160387261425183
12,0,16,16000,1000,3,-0.20155136536999152
12,0,16,32000,1000,3,-0.11910152366089995
12,0,16,64000,1000,3,-0.024890974443596104
12,0,16,128000,1000,3,0.11323052001270892
12,0,16,8000,1000,3,-0.38432560172036273
12,0,16,256000,1000,3,0.18762438573188675
12,0,17,2000,1000,3,-0.4828292222127217
12,0,17,8000,1000,3,-0.3687891537892989
12,0,17,4000,1000,3,-0.4627016469390543
12,0,17,64000,1000,3,0.011324432841184997
12,0,17,128000,1000,3,0.14925560658382606
12,0,18,2000,1000,3,-0.477217651251148
12,0,17,256000,1000,3,0.22029470865012185
12,0,17,16000,1000,3,-0.2197234476826834
12,0,17,32000,1000,3,-0.14313278711423238
12,0,18,8000,1000,3,-0.3956524227006918
12,0,18,64000,1000,3,0.00432442627311606
12,0,18,128000,1000,3,0.14645245233998674
12,0,18,4000,1000,3,-0.4508261549780781
12,0,18,256000,1000,3,0.21105337659432039
12,0,18,16000,1000,3,-0.27034470514283593
12,0,18,32000,1000,3,-0.15367591174827164
12,0,19,4000,1000,3,-0.4576973699252035
12,0,19,2000,1000,3,-0.4832096806452563
12,0,19,16000,1000,3,-0.23855116497725623
12,0,19,32000,1000,3,-0.16755192978895522
12,0,19,64000,1000,3,-0.011723335092311899
12,0,19,128000,1000,3,0.12311864472040288
12,0,20,2000,1000,3,-0.4674460635085386
12,0,19,256000,1000,3,0.18550628337052638
12,0,19,8000,1000,3,-0.4123781027400428
12,0,20,4000,1000,3,-0.45330129441378975
12,0,20,8000,1000,3,-0.38523377239372636
12,0,20,64000,1000,3,0.007052820182243934
12,0,20,256000,1000,3,0.19105742847542326
12,0,20,128000,1000,3,0.1237891696693899
12,0,20,16000,1000,3,-0.2703206004092609
12,0,21,4000,1000,3,-0.45008358875611737
12,0,20,32000,1000,3,-0.17542449260641774
12,0,21,32000,1000,3,-0.17925923760537904
12,0,21,128000,1000,3,0.1440380589022168
12,0,21,64000,1000,3,0.030934799930313936
12,0,21,2000,1000,3,-0.4731832395399413
12,0,22,2000,1000,3,-0.47183151659842293
12,0,21,256000,1000,3,0.21956299535856721
12,0,21,8000,1000,3,-0.39874214932497154
12,0,22,4000,1000,3,-0.44722365199662745
12,0,22,8000,1000,3,-0.3931444655526736
12,0,21,16000,1000,3,-0.31737703961574276
12,0,22,16000,1000,3,-0.3076274118559472
12,0,22,64000,1000,3,0.029314862066104414
12,0,22,128000,1000,3,0.15226775044906346
12,0,22,32000,1000,3,-0.17044546652292905
12,0,22,256000,1000,3,0.21839649141035614
12,0,23,2000,1000,3,-0.47922313159850366
12,0,23,4000,1000,3,-0.45316077131523724
12,0,23,16000,1000,3,-0.29763688723351217
12,0,23,8000,1000,3,-0.4042582604441576
12,0,23,32000,1000,3,-0.17057190667715236
12,0,23,64000,1000,3,0.0007197290251104471
12,0,23,256000,1000,3,0.1968865929392058
12,0,23,128000,1000,3,0.11836947289080375
12,0,24,4000,1000,3,-0.4481477525603109
12,0,24,2000,1000,3,-0.4737993638409493
12,0,24,8000,1000,3,-0.3831646202540594
12,0,24,16000,1000,3,-0.32176705862830374
12,0,24,32000,1000,3,-0.17878901637473837
12,0,24,64000,1000,3,0.022228816378099724
12,0,24,128000,1000,3,0.14063090767894468
12,0,24,256000,1000,3,0.2169169020769928
12,0,25,2000,1000,3,-0.469377368074792
12,0,25,4000,1000,3,-0.4422656447361517
12,0,25,8000,1000,3,-0.39209639649968264
12,0,25,16000,1000,3,-0.3279191717391512
12,0,25,32000,1000,3,-0.1947046477125885
12,0,25,128000,1000,3,0.08105984827364844
12,0,25,64000,1000,3,-0.014330772057651927
12,0,26,2000,1000,3,-0.4679665299665943
12,0,25,256000,1000,3,0.14676796301354667
12,0,26,8000,1000,3,-0.39583605353937884
12,0,26,4000,1000,3,-0.44082255610323845
12,0,26,16000,1000,3,-0.32733288605445443
12,0,26,32000,1000,3,-0.1988765825039428
12,0,26,64000,1000,3,-0.023135127527982868
12,0,26,256000,1000,3,0.1602517605886074
12,0,27,2000,1000,3,-0.4677202877561832
12,0,26,128000,1000,3,0.10192709520145249
12,0,27,4000,1000,3,-0.4502777290031735
12,0,27,8000,1000,3,-0.3878578725346936
12,0,27,16000,1000,3,-0.32671376719765943
12,0,27,32000,1000,3,-0.14424821895238965
12,0,27,64000,1000,3,0.027153477134584814
12,0,27,128000,1000,3,0.14050808536157602
12,0,27,256000,1000,3,0.20958879974697855
12,0,28,2000,1000,3,-0.4692542893544892
12,0,28,4000,1000,3,-0.44767846153269525
12,0,28,8000,1000,3,-0.3921149701504443
12,0,28,16000,1000,3,-0.3199144566009356
12,0,28,32000,1000,3,-0.17567518315867164
12,0,28,64000,1000,3,0.01984692979986341
12,0,28,128000,1000,3,0.13626140352545843
12,0,29,2000,1000,3,-0.4746388415568453
12,0,29,4000,1000,3,-0.4419512786966974
12,0,28,256000,1000,3,0.22872507741575093
12,0,29,8000,1000,3,-0.4049251952738121
12,0,29,16000,1000,3,-0.3354399978350046
12,0,29,32000,1000,3,-0.18992088995800308
12,0,29,64000,1000,3,-0.002547347532534477
12,0,29,128000,1000,3,0.12525444004836384
12,0,29,256000,1000,3,0.18698655430470001
12,0,30,4000,1000,3,-0.4443758489559552
12,0,30,2000,1000,3,-0.4692265477837747
12,0,30,8000,1000,3,-0.41034311515745386
12,0,30,16000,1000,3,-0.3430246240753172
12,0,30,32000,1000,3,-0.20579828409114526
12,0,30,64000,1000,3,0.006850256946316516
12,0,30,128000,1000,3,0.09078295737713807
12,0,1,2000,1000,4,-0.5135373531799025
12,0,30,256000,1000,3,0.16890878074159674
12,0,1,4000,1000,4,-0.5198875968082055
12,0,1,8000,1000,4,-0.5131135743012433
12,0,1,16000,1000,4,-0.48955404546241515
12,0,1,32000,1000,4,-0.4417126303584328
12,0,1,64000,1000,4,-0.3821727825724332
12,0,1,128000,1000,4,-0.3364267961192568
12,0,2,4000,1000,4,-0.5065396384955483
12,0,1,256000,1000,4,-0.31106425748861943
12,0,2,2000,1000,4,-0.502764696406868
12,0,2,8000,1000,4,-0.4553110841557462
12,0,2,16000,1000,4,-0.4741056258137727
12,0,2,32000,1000,4,-0.4530389604703563
12,0,2,64000,1000,4,-0.3304554413960295
12,0,2,128000,1000,4,-0.17809597598692364
12,0,2,256000,1000,4,-0.11886155656104336
12,0,3,2000,1000,4,-0.4954225331899814
12,0,3,4000,1000,4,-0.5008049871033913
12,0,3,16000,1000,4,-0.4499236146189417
12,0,3,8000,1000,4,-0.44063726609188825
12,0,3,32000,1000,4,-0.36061681397009837
12,0,3,64000,1000,4,-0.11883760461983725
12,0,4,2000,1000,4,-0.49451502578329815
12,0,3,256000,1000,4,0.09281194374508854
12,0,3,128000,1000,4,0.028346070635728842
12,0,4,4000,1000,4,-0.46667154666315824
12,0,4,8000,1000,4,-0.44292548191039705
12,0,4,16000,1000,4,-0.4192720892024618
12,0,4,32000,1000,4,-0.2515850855868332
12,0,4,64000,1000,4,0.07413804081292392
12,0,4,128000,1000,4,0.20659336394239955
12,0,4,256000,1000,4,0.2645490314921644
12,0,5,2000,1000,4,-0.487908232980176
12,0,5,8000,1000,4,-0.4380674246470179
12,0,5,4000,1000,4,-0.471568652163795
12,0,5,16000,1000,4,-0.4007321413860329
12,0,5,32000,1000,4,-0.2160637386304738
12,0,5,64000,1000,4,0.1330973340787153
12,0,6,2000,1000,4,-0.4846774370977156
12,0,5,128000,1000,4,0.23705960562945136
12,0,5,256000,1000,4,0.296800852918078
12,0,6,4000,1000,4,-0.4624584219053891
12,0,6,8000,1000,4,-0.4548036670458054
12,0,6,16000,1000,4,-0.4006117697808853
12,0,6,32000,1000,4,-0.10563546204262848
12,0,6,64000,1000,4,0.15336764974646666
12,0,6,128000,1000,4,0.24379380511234833
12,0,7,2000,1000,4,-0.47533165337359273
12,0,6,256000,1000,4,0.3019206572343194
12,0,7,4000,1000,4,-0.4703876834583002
12,0,7,8000,1000,4,-0.4475018926867743
12,0,7,32000,1000,4,-0.10202233595018163
12,0,7,16000,1000,4,-0.38904732313605656
12,0,7,64000,1000,4,0.14035032225397956
12,0,7,128000,1000,4,0.24724197177556134
12,0,7,256000,1000,4,0.2838208527953264
12,0,8,2000,1000,4,-0.48588951926218726
12,0,8,4000,1000,4,-0.4636771521812987
12,0,8,16000,1000,4,-0.36984564350737215
12,0,8,8000,1000,4,-0.4507805963497313
12,0,8,32000,1000,4,-0.06106319695095274
12,0,8,64000,1000,4,0.1381587776306496
12,0,8,128000,1000,4,0.2085238165354229
12,0,9,8000,1000,4,-0.4414089297463183
12,0,8,256000,1000,4,0.2837815281124922
12,0,9,2000,1000,4,-0.4997520192537333
12,0,9,4000,1000,4,-0.4546126645328894
12,0,9,16000,1000,4,-0.34352297486687156
12,0,9,32000,1000,4,-0.04250858210158716
12,0,9,64000,1000,4,0.12394148815627955
12,0,9,128000,1000,4,0.22128637564245304
12,0,10,2000,1000,4,-0.4779355816501616
12,0,10,4000,1000,4,-0.46248811507824905
12,0,9,256000,1000,4,0.3098008769859988
12,0,10,8000,1000,4,-0.43008019230846944
12,0,10,16000,1000,4,-0.27178396935236404
12,0,10,32000,1000,4,-0.060170048245003584
12,0,10,64000,1000,4,0.046088550827646464
12,0,10,256000,1000,4,0.2030451406067537
12,0,10,128000,1000,4,0.13829641883550392
12,0,11,2000,1000,4,-0.4725162813579807
12,0,11,4000,1000,4,-0.4549613825451427
12,0,11,8000,1000,4,-0.4210537235720218
12,0,11,16000,1000,4,-0.25536813143838105
12,0,11,32000,1000,4,-0.06370064984056538
12,0,11,64000,1000,4,0.06994516998531117
12,0,11,128000,1000,4,0.16564131827264333
12,0,12,2000,1000,4,-0.471387520898006
12,0,11,256000,1000,4,0.258967010450032
12,0,12,4000,1000,4,-0.4562349241823822
12,0,12,8000,1000,4,-0.41794869308487953
12,0,12,32000,1000,4,-0.08917299193967003
12,0,12,16000,1000,4,-0.23811319093834749
12,0,12,64000,1000,4,0.0181656232870127
12,0,12,128000,1000,4,0.10162946940275847
12,0,12,256000,1000,4,0.1882850173913288
12,0,13,2000,1000,4,-0.4729350469381367
12,0,13,4000,1000,4,-0.4525093238519045
12,0,13,8000,1000,4,-0.4164381543846339
12,0,13,16000,1000,4,-0.2208598357132563
12,0,13,32000,1000,4,-0.09578152272977357
12,0,13,64000,1000,4,0.016940963671548678
12,0,13,128000,1000,4,0.14839607564786667
12,0,14,2000,1000,4,-0.47811584572197385
12,0,13,256000,1000,4,0.22916311421928529
12,0,14,16000,1000,4,-0.19742130852769577
12,0,14,8000,1000,4,-0.39479213028971993
12,0,14,4000,1000,4,-0.45324958853295944
12,0,14,32000,1000,4,-0.10877397527531878
12,0,14,64000,1000,4,-0.0035745337322750695
12,0,14,128000,1000,4,0.1452027172021135
12,0,15,2000,1000,4,-0.4684656052822288
12,0,14,256000,1000,4,0.23590168752635543
12,0,15,4000,1000,4,-0.45168326864485686
12,0,15,8000,1000,4,-0.4011104395020365
12,0,15,16000,1000,4,-0.2469576373802579
12,0,15,32000,1000,4,-0.10644855118443183
12,0,15,64000,1000,4,0.015603649297566764
12,0,15,128000,1000,4,0.12853678305926355
12,0,15,256000,1000,4,0.23370598279976623
12,0,16,2000,1000,4,-0.46419073271977385
12,0,16,8000,1000,4,-0.3978268558281885
12,0,16,4000,1000,4,-0.4511171811563621
12,0,16,16000,1000,4,-0.24707403849637286
12,0,16,32000,1000,4,-0.14818625106837263
12,0,16,64000,1000,4,0.043194979056959126
12,0,16,256000,1000,4,0.2481456406152571
12,0,16,128000,1000,4,0.138721072264734
12,0,17,2000,1000,4,-0.4692489710390662
12,0,17,4000,1000,4,-0.4330042102558317
12,0,17,8000,1000,4,-0.4049344044761202
12,0,17,16000,1000,4,-0.2574370199820321
12,0,17,32000,1000,4,-0.17695574727589156
12,0,17,64000,1000,4,0.009754452571755046
12,0,17,128000,1000,4,0.14489741044696985
12,0,17,256000,1000,4,0.23063319816639063
12,0,18,2000,1000,4,-0.4652218367866902
12,0,18,4000,1000,4,-0.44658300631443065
12,0,18,8000,1000,4,-0.4007868421879564
12,0,18,16000,1000,4,-0.25945611287385784
12,0,18,32000,1000,4,-0.14762427093409058
12,0,18,64000,1000,4,0.019641682756546062
12,0,18,128000,1000,4,0.13918481637855132
12,0,19,2000,1000,4,-0.467996133689496
12,0,18,256000,1000,4,0.22567165130557193
12,0,19,4000,1000,4,-0.45484909032640775
12,0,19,8000,1000,4,-0.39746526187964487
12,0,19,16000,1000,4,-0.26330689195299284
12,0,19,32000,1000,4,-0.15270380722429547
12,0,19,64000,1000,4,0.028125976398512963
12,0,19,128000,1000,4,0.16618454466446667
12,0,20,2000,1000,4,-0.4656742236742758
12,0,20,4000,1000,4,-0.4433155943157033
12,0,19,256000,1000,4,0.24253023184462494
12,0,20,16000,1000,4,-0.28155604305865867
12,0,20,8000,1000,4,-0.39058122423754094
12,0,20,32000,1000,4,-0.1834061159610627
12,0,20,128000,1000,4,0.11866914146524805
12,0,20,64000,1000,4,-0.013108807266465941
12,0,20,256000,1000,4,0.19191387248135952
12,0,21,2000,1000,4,-0.4710278388705035
12,0,21,8000,1000,4,-0.40614417852160944
12,0,21,4000,1000,4,-0.44300513921151546
12,0,21,16000,1000,4,-0.29331100189709897
12,0,21,32000,1000,4,-0.17629672439462069
12,0,21,64000,1000,4,0.013000102146591096
12,0,21,128000,1000,4,0.14009074463626703
12,0,21,256000,1000,4,0.22568115760956983
12,0,22,2000,1000,4,-0.46732797752371286
12,0,22,4000,1000,4,-0.44027198904804343
12,0,22,8000,1000,4,-0.41297970414556606
12,0,22,16000,1000,4,-0.3015462801612141
12,0,22,32000,1000,4,-0.1708011553002006
12,0,22,64000,1000,4,-0.001656962390291408
12,0,22,128000,1000,4,0.13094684016889988
12,0,22,256000,1000,4,0.19259133509771337
12,0,23,2000,1000,4,-0.47171718702069304
12,0,23,8000,1000,4,-0.39973471868762805
12,0,23,4000,1000,4,-0.4426666933410731
12,0,23,16000,1000,4,-0.3153797537076109
12,0,23,32000,1000,4,-0.1798083458280565
12,0,23,64000,1000,4,-0.001552432283386082
12,0,24,2000,1000,4,-0.46314956512700794
12,0,23,128000,1000,4,0.14172258926392378
12,0,23,256000,1000,4,0.2191907769623781
12,0,24,4000,1000,4,-0.4466679985797789
12,0,24,8000,1000,4,-0.4088344402358241
12,0,24,16000,1000,4,-0.3304236910461827
12,0,24,32000,1000,4,-0.1418380333411493
12,0,24,64000,1000,4,0.023311796154964207
12,0,24,128000,1000,4,0.14355131150921527
12,0,24,256000,1000,4,0.23203932119417908
12,0,25,2000,1000,4,-0.47013795804994485
12,0,25,8000,1000,4,-0.4078848594950227
12,0,25,4000,1000,4,-0.449413369828752
12,0,25,16000,1000,4,-0.3299623074933527
12,0,25,32000,1000,4,-0.15860288344832588
12,0,25,128000,1000,4,0.13574326390312405
12,0,25,64000,1000,4,-0.0050196762447844104
12,0,25,256000,1000,4,0.20912559507559753
12,0,26,2000,1000,4,-0.46368959627668244
12,0,26,4000,1000,4,-0.44223052722970235
12,0,26,16000,1000,4,-0.3389550853751626
12,0,26,8000,1000,4,-0.40717268700988984
12,0,26,32000,1000,4,-0.18872909881060215
12,0,26,64000,1000,4,-0.005652672037589296
12,0,26,128000,1000,4,0.09829362563135716
12,0,26,256000,1000,4,0.18155819069501444
12,0,27,4000,1000,4,-0.44649829818462855
12,0,27,2000,1000,4,-0.4619258858002853
12,0,27,8000,1000,4,-0.3980567988689354
12,0,27,16000,1000,4,-0.3010218357938712
12,0,27,32000,1000,4,-0.18186505911030718
12,0,27,64000,1000,4,0.030622388180667908
12,0,27,128000,1000,4,0.14522562571588193
12,0,27,256000,1000,4,0.21354034821876144
12,0,28,2000,1000,4,-0.462069745240801
12,0,28,4000,1000,4,-0.4362265491631152
12,0,28,8000,1000,4,-0.40768995772640004
12,0,28,16000,1000,4,-0.32066096699638513
12,0,28,32000,1000,4,-0.17978192620608296
12,0,28,64000,1000,4,-0.006906151010349934
12,0,29,2000,1000,4,-0.4680589529481246
12,0,28,128000,1000,4,0.1352100840318892
12,0,29,4000,1000,4,-0.448952456243295
12,0,28,256000,1000,4,0.17780907194900183
12,0,29,8000,1000,4,-0.40120776994864504
12,0,29,16000,1000,4,-0.34508224963440454
12,0,29,32000,1000,4,-0.17528141093717994
12,0,29,64000,1000,4,0.033083926812547126
12,0,29,128000,1000,4,0.1292621480091126
12,0,29,256000,1000,4,0.19754707690300613
12,0,30,4000,1000,4,-0.4413302689965454
12,0,30,2000,1000,4,-0.47160784447827475
12,0,30,8000,1000,4,-0.4020926964987053
12,0,30,16000,1000,4,-0.31526119488126325
12,0,30,32000,1000,4,-0.17008266619560444
12,0,30,64000,1000,4,0.029701313693381092
12,0,30,128000,1000,4,0.15800760498982624
12,0,30,256000,1000,4,0.24466140952638032
12,0,12,512000,1000,0,0.2577260843839615
12,0,19,512000,1000,0,0.25914340142572145
12,0,1,512000,1000,0,-0.26113020561619
12,0,7,512000,1000,0,0.2865362428371821
12,0,14,512000,1000,0,0.2758774431545963
12,0,16,512000,1000,0,0.28027779657634727
12,0,20,512000,1000,0,0.2460275085098255
12,0,9,512000,1000,0,0.22659917063248722
12,0,2,512000,1000,0,-0.11295589161923023
12,0,8,512000,1000,0,0.329968193319013
12,0,3,512000,1000,0,0.12951773118702084
12,0,6,512000,1000,0,0.28933493968190727
12,0,10,512000,1000,0,0.280998817895921
12,0,4,512000,1000,0,0.30811502286807885
12,0,18,512000,1000,0,0.27596180017723393
12,0,15,512000,1000,0,0.24056239517700148
12,0,17,512000,1000,0,0.2533599425090283
12,0,13,512000,1000,0,0.2655377872734529
12,0,11,512000,1000,0,0.25119729093140625
12,0,5,512000,1000,0,0.3117867391863398
12,0,22,512000,1000,0,0.2392150478209139
12,0,1,512000,1000,1,-0.3448737291652275
12,0,21,512000,1000,0,0.2533338927212303
12,0,27,512000,1000,0,0.23665069526144955
12,0,29,512000,1000,0,0.21815589738215924
12,0,26,512000,1000,0,0.21077352605797708
12,0,23,512000,1000,0,0.2125040774672858
12,0,28,512000,1000,0,0.25266718254840304
12,0,24,512000,1000,0,0.23050764203436916
12,0,25,512000,1000,0,0.24109492421036088
12,0,30,512000,1000,0,0.2514291685876846
12,0,5,512000,1000,1,0.33833872686990185
12,0,4,512000,1000,1,0.28705347891828414
12,0,7,512000,1000,1,0.2896748240576328
12,0,6,512000,1000,1,0.32109225438242595
12,0,2,512000,1000,1,-0.0499277568359301
12,0,8,512000,1000,1,0.2593474942316643
12,0,9,512000,1000,1,0.31118087112010734
12,0,3,512000,1000,1,0.17295094159268892
12,0,10,512000,1000,1,0.26712735423663125
12,0,11,512000,1000,1,0.2797298074343611
12,0,13,512000,1000,1,0.27565936732963414
12,0,12,512000,1000,1,0.27910831194662955
12,0,15,512000,1000,1,0.2830284453249275
12,0,14,512000,1000,1,0.2669138697285525
12,0,16,512000,1000,1,0.27143194665997716
12,0,18,512000,1000,1,0.26167144591173724
12,0,19,512000,1000,1,0.22575133649312626
12,0,21,512000,1000,1,0.2799082376838013
12,0,22,512000,1000,1,0.245985749556726
12,0,20,512000,1000,1,0.25442716535957116
12,0,17,512000,1000,1,0.2694330160616103
12,0,23,512000,1000,1,0.25995566861183134
12,0,25,512000,1000,1,0.2332895772504797
12,0,24,512000,1000,1,0.22312258274972663
12,0,28,512000,1000,1,0.2537164845476393
12,0,27,512000,1000,1,0.2440187687948206
12,0,26,512000,1000,1,0.28784438059508954
12,0,29,512000,1000,1,0.26075688925287566
12,0,30,512000,1000,1,0.20476988448736516
12,0,1,512000,1000,2,-0.31988449122483315
12,0,5,512000,1000,2,0.2802842351299939
12,0,2,512000,1000,2,-0.038011191555284624
12,0,6,512000,1000,2,0.3243736345495836
12,0,3,512000,1000,2,0.2087615075445243
12,0,4,512000,1000,2,0.29688126637091466
12,0,7,512000,1000,2,0.33644942459565624
12,0,9,512000,1000,2,0.2239487539878182
12,0,8,512000,1000,2,0.31213614584525956
12,0,10,512000,1000,2,0.31303394709911014
12,0,13,512000,1000,2,0.2859519251998473
12,0,11,512000,1000,2,0.28704344924447583
12,0,12,512000,1000,2,0.27673875695893535
12,0,14,512000,1000,2,0.26426215882534404
12,0,18,512000,1000,2,0.25730285183965784
12,0,17,512000,1000,2,0.2534466415114951
12,0,16,512000,1000,2,0.267490976545217
12,0,15,512000,1000,2,0.31087334341847056
12,0,19,512000,1000,2,0.2623389118468033
12,0,20,512000,1000,2,0.30560138553183896
12,0,21,512000,1000,2,0.2391590832355017
12,0,22,512000,1000,2,0.2587059217698388
12,0,24,512000,1000,2,0.2478941169694599
12,0,26,512000,1000,2,0.21859136053318684
12,0,23,512000,1000,2,0.22831333877247822
12,0,25,512000,1000,2,0.2335887048650494
12,0,27,512000,1000,2,0.252382819197184
12,0,28,512000,1000,2,0.27722236784335225
12,0,30,512000,1000,2,0.21686434025596857
12,0,29,512000,1000,2,0.24092786363212668
12,0,1,512000,1000,3,-0.25681803466904807
12,0,2,512000,1000,3,-0.10601824653712302
12,0,3,512000,1000,3,0.0609334473683763
12,0,7,512000,1000,3,0.25317367661102974
12,0,4,512000,1000,3,0.2883065262746479
12,0,6,512000,1000,3,0.3476417449762058
12,0,9,512000,1000,3,0.2818961393662861
12,0,8,512000,1000,3,0.311867884894337
12,0,5,512000,1000,3,0.3299610546267944
12,0,10,512000,1000,3,0.29376572176200794
12,0,11,512000,1000,3,0.27710356886436077
12,0,12,512000,1000,3,0.2322902056518961
12,0,15,512000,1000,3,0.2540536304732505
12,0,14,512000,1000,3,0.2570135276838356
12,0,13,512000,1000,3,0.26780495569757023
12,0,16,512000,1000,3,0.2578304791130673
12,0,19,512000,1000,3,0.24685728168434973
12,0,17,512000,1000,3,0.2574668396971761
12,0,18,512000,1000,3,0.25276323365813286
12,0,20,512000,1000,3,0.24605081522467626
12,0,21,512000,1000,3,0.2648484418894104
12,0,23,512000,1000,3,0.25699590352506996
12,0,22,512000,1000,3,0.2845813858485077
12,0,25,512000,1000,3,0.1893951178509541
12,0,24,512000,1000,3,0.24355843238100597
12,0,26,512000,1000,3,0.22550710414888836
12,0,29,512000,1000,3,0.24145885346069892
12,0,27,512000,1000,3,0.2706325367833462
12,0,28,512000,1000,3,0.2673412245733572
12,0,30,512000,1000,3,0.21686772494862902
12,0,1,512000,1000,4,-0.2942934174598537
12,0,2,512000,1000,4,-0.09564124637412702
12,0,3,512000,1000,4,0.1440448205643055
12,0,5,512000,1000,4,0.32716994497659657
12,0,4,512000,1000,4,0.31794092210247393
12,0,6,512000,1000,4,0.3566115834325825
12,0,7,512000,1000,4,0.3377032285549664
12,0,8,512000,1000,4,0.3347889871722972
12,0,9,512000,1000,4,0.3499982281055992
12,0,10,512000,1000,4,0.2474062872495009
12,0,11,512000,1000,4,0.3048289741459831
12,0,13,512000,1000,4,0.27620675692251156
12,0,12,512000,1000,4,0.21616979715742815
12,0,14,512000,1000,4,0.28305180934283125
12,0,17,512000,1000,4,0.2662808980915054
12,0,15,512000,1000,4,0.2549217894228647
12,0,16,512000,1000,4,0.2946221467729748
12,0,19,512000,1000,4,0.2954804066670466
12,0,18,512000,1000,4,0.2820934041524996
12,0,20,512000,1000,4,0.23797728175223362
12,0,21,512000,1000,4,0.2573154321880029
12,0,22,512000,1000,4,0.24991109337663034
12,0,23,512000,1000,4,0.25505867826399475
12,0,24,512000,1000,4,0.28950414911628713
12,0,26,512000,1000,4,0.22991107753056603
12,0,25,512000,1000,4,0.2374778735444429
12,0,27,512000,1000,4,0.259121156751611
12,0,28,512000,1000,4,0.2343494498420972
12,0,29,512000,1000,4,0.2442465296118507
12,0,30,512000,1000,4,0.28328829724612775
8,0,11,1000000,1000,0,1.737063038040251
8,0,7,1000000,1000,0,1.8574064630218068
8,0,8,1000000,1000,0,1.8212922538462877
8,0,16,1000000,1000,0,1.6762998601976065
8,0,13,1000000,1000,0,1.6745948742787191
8,0,9,1000000,1000,0,1.7977901335753728
8,0,12,1000000,1000,0,1.727754811599537
8,0,20,1000000,1000,0,1.6105042426305554
8,0,10,1000000,1000,0,1.7556572049105612
8,0,19,1000000,1000,0,1.6260097560881182
8,0,17,1000000,1000,0,1.6469156403898988
8,0,5,1000000,1000,0,1.8395065830360828
8,0,6,1000000,1000,0,1.888425513077001
8,0,15,1000000,1000,0,1.6817530591642733
8,0,18,1000000,1000,0,1.6218751254124977
8,0,4,1000000,1000,0,1.7656588591305082
8,0,14,1000000,1000,0,1.7006141977244933
8,0,1,1000000,1000,0,0.9120738847942531
8,0,3,1000000,1000,0,1.6278528175774505
8,0,2,1000000,1000,0,1.3724574572144252
